R1 <- 1
C <- 2e-3
w1 <- 1/(R1*C)

R2 <- 1
R3 <- 1e3
R3/(R2+R3)

R4 <- 1
L <- 1e-2
w2 <- R4/L

K <- (R3/(R2+R3))*(1/w2)
